000000008211
000000376900
000000442456
000000032887
000000270474
000000278705
000000065736
000000516318
000000401446
000000566282
000000566282
000000377113
000000205105
000000123213
000000008532
000000270677
000000434548
000000541055
000000352684
000000508370
000000442836
000000442836
000000150265
000000352760
000000213547
000000295478
000000500478
000000000785
000000295713
000000295713
000000341469
000000570688
000000570688
000000025393
000000025393
000000133969
000000492362
000000410456
000000431545
000000410510
000000281414
000000099242
000000476119
000000394206
000000033759
000000076625
000000001000
000000001000
000000001000
000000001000
000000508917
000000202339
000000164885
000000410650
000000213171
000000214539
000000256868
000000476258
000000042102
000000039785
000000050326
000000427160
000000050380
000000083172
000000009483
000000394510
000000304404
000000304404
000000414673
000000181542
000000288042
000000386352
000000236426
000000236426
000000116068
000000116068
000000548339
000000345466
000000230819
000000509403
000000396200
000000468501
000000460333
000000443969
000000124442
000000370270
000000370270
000000132703
000000468632
000000403122
000000157365
000000132931
000000132931
000000288584
000000288584
000000198489
000000075612
000000019432
000000261097
000000100238
000000100238
000000117744
000000395180
000000089078
000000485027
000000468965
000000213830
000000403565
000000051326
000000100510
000000272566
000000171382
000000280779
000000215259
000000320696
000000157928
000000239857
000000321790
000000197388
000000197388
000000493864
000000551215
000000493905
000000567640
000000173799
000000173799
000000328238
000000453001
000000453001
000000444142
000000559547
000000567740
000000379332
000000021839
000000308328
000000223738
000000495732
000000495732
000000453166
000000453166
000000109118
000000459195
000000459195
000000459195
000000494188
000000289417
000000199310
000000338624
000000388215
000000223959
000000559842
000000559842
000000559842
000000117492
000000256775
000000404249
000000248616
000000264968
000000273232
000000371552
000000551804
000000568195
000000568213
000000281754
000000012639
000000012639
000000437239
000000451084
000000224337
000000022371
000000183391
000000568439
000000347265
000000281759
000000281759
000000281759
000000281759
000000281759
000000289960
000000126137
000000270883
000000412894
000000216296
000000232692
000000093437
000000297353
000000412286
000000273715
000000281929
000000052591
000000282037
000000257478
000000102411
000000294695
000000060899
000000192607
000000033368
000000093717
000000093717
000000049759
000000364102
000000303713
000000172649
000000429690
000000282298
000000323263
000000470779
000000122166
000000372577
000000020333
000000470952
000000102356
000000380913
000000364557
000000274460
000000274460
000000274460
000000274460
000000274460
000000274460
000000438304
000000463542
000000463542
000000356427
000000118921
000000356505
000000402118
000000266409
000000296657
000000296657
000000296657
000000217285
000000323799
000000119911
000000250127
000000127263
000000527750
000000127270
000000430377
000000119088
000000323895
000000266981
000000018491
000000201072
000000053626
000000053626
000000053626
000000053626
000000328430
000000250282
000000414170
000000414170
000000340451
000000499031
000000499031
000000258541
000000373315
000000438862
000000438862
000000521717
000000406129
000000438907
000000373382
000000247917
000000247917
000000247917
000000247917
000000170099
000000381639
000000520910
000000377635
000000291551
000000013729
000000471893
000000572900
000000572900
000000430961
000000283520
000000283520
000000080022
000000439180
000000062355
000000054164
000000185250
000000210789
000000365521
000000447465
000000447314
000000087038
000000562207
000000562207
000000521259
000000562229
000000382009
000000160864
000000160864
000000037988
000000152686
000000234607
000000017905
000000130586
000000046252
000000119995
000000193743
000000496854
000000496854
000000464089
000000464089
000000038118
000000013546
000000239537
000000300276
000000133244
000000410496
000000300341
000000054593
000000038210
000000406417
000000357737
000000021879
000000005529
000000447917
000000354547
000000313588
000000243148
000000507473
000000357888
000000140203
000000257624
000000513567
000000185890
000000448076
000000448076
000000431693
000000357978
000000259690
000000054931
000000005060
000000480936
000000431848
000000538364
000000465836
000000465836
000000177934
000000177934
000000284445
000000358195
000000130699
000000130699
000000130699
000000130699
000000440184
000000013291
000000013291
000000456662
000000104424
000000317433
000000391375
000000440336
000000473121
000000041990
000000507037
000000507037
000000161875
000000081594
000000407646
000000036539
000000399462
000000014439
000000481390
000000481390
000000481390
000000342128
000000481413
000000097988
000000022705
000000170191
000000424162
000000252219
000000252219
000000473406
000000199055
000000489842
000000150649
000000150649
000000080340
000000153797
000000326128
000000023034
000000428218
000000326174
000000326248
000000087144
000000087144
000000055950
000000047819
000000309964
000000129756
000000514797
000000252701
000000154425
000000121673
000000506707
000000457559
000000457559
000000203629
000000025057
000000203639
000000088970
000000474028
000000474028
000000474028
000000474028
000000474028
000000334767
000000334767
000000334767
000000334767
000000007088
000000064462
000000187362
000000520707
000000312489
000000097278
000000064523
000000449579
000000498747
000000277005
000000203864
000000498807
000000556158
000000507015
000000457884
000000457884
000000343218
000000023126
000000367818
000000474344
000000482800
000000482800
000000179487
000000326970
000000326970
000000343453
000000400815
000000179642
000000343524
000000130579
000000072281
000000130599
000000368212
000000464144
000000261732
000000451714
000000409211
000000273760
000000384670
000000516038
000000024243
000000523957
000000523957
000000581357
000000172877
000000274411
000000302882
000000253742
000000253742
000000032570
000000132408
000000139099
000000401244
000000253819
000000409475
000000253835
000000507797
000000507797
000000163746
000000163746
000000163746
000000163746
000000548780
000000327605
000000327617
000000442306
000000276055
